
训练集数量：2327 测试集数量：636
实例：
(['I', 'charge', 'it', 'at', 'night', 'and', 'skip', 'taking', 'the', 'cord', 'with', 'me', 'because', 'of', 'the', 'good', 'battery', 'life', '.'], ['O', 'O', 'O', 'O', 'O', 'O', 'O', 'O', 'O', 'B-ASP', 'O', 'O', 'O', 'O', 'O', 'O', 'B-ASP', 'I-ASP', 'O'], [-1, -1, -1, -1, -1, -1, -1, -1, -1, 1, -1, -1, -1, -1, -1, -1, -1, -1, -1])
train-0
['I', 'charge', 'it', 'at', 'night', 'and', 'skip', 'taking', 'the', 'cord', 'with', 'me', 'because', 'of', 'the', 'good', 'battery', 'life', '.']
['cord']
['O', 'O', 'O', 'O', 'O', 'O', 'O', 'O', 'O', 'B-ASP', 'O', 'O', 'O', 'O', 'O', 'O', 'B-ASP', 'I-ASP', 'O']
['B-ASP']
[-1, -1, -1, -1, -1, -1, -1, -1, -1, 1, -1, -1, -1, -1, -1, -1, -1, -1, -1, -1, -1]
 97%|█████████▋| 2258/2327 [00:03<00:00, 651.57it/s]100%|██████████| 2327/2327 [00:03<00:00, 720.44it/s]
 99%|█████████▊| 627/636 [00:00<00:00, 787.42it/s]100%|██████████| 636/636 [00:00<00:00, 836.84it/s]
[101, 1045, 3715, 2009, 2012, 2305, 1998, 13558, 2635, 1996, 11601, 2007, 2033, 2138, 1997, 1996, 2204, 6046, 2166, 1012, 102, 11601, 102, 0, 0, 0, 0, 0, 0, 0, 0, 0, 0, 0, 0, 0, 0, 0, 0, 0, 0, 0, 0, 0, 0, 0, 0, 0, 0, 0, 0, 0, 0, 0, 0, 0, 0, 0, 0, 0, 0, 0, 0, 0, 0, 0, 0, 0, 0, 0, 0, 0, 0, 0, 0, 0, 0, 0, 0, 0, 0, 0, 0, 0, 0, 0, 0, 0, 0, 0, 0, 0, 0, 0, 0, 0, 0, 0, 0, 0]
[1, 1, 1, 1, 1, 1, 1, 1, 1, 1, 1, 1, 1, 1, 1, 1, 1, 1, 1, 1, 1, 1, 1, 0, 0, 0, 0, 0, 0, 0, 0, 0, 0, 0, 0, 0, 0, 0, 0, 0, 0, 0, 0, 0, 0, 0, 0, 0, 0, 0, 0, 0, 0, 0, 0, 0, 0, 0, 0, 0, 0, 0, 0, 0, 0, 0, 0, 0, 0, 0, 0, 0, 0, 0, 0, 0, 0, 0, 0, 0, 0, 0, 0, 0, 0, 0, 0, 0, 0, 0, 0, 0, 0, 0, 0, 0, 0, 0, 0, 0]
[0, 0, 0, 0, 0, 0, 0, 0, 0, 0, 0, 0, 0, 0, 0, 0, 0, 0, 0, 0, 0, 0, 0, 0, 0, 0, 0, 0, 0, 0, 0, 0, 0, 0, 0, 0, 0, 0, 0, 0, 0, 0, 0, 0, 0, 0, 0, 0, 0, 0, 0, 0, 0, 0, 0, 0, 0, 0, 0, 0, 0, 0, 0, 0, 0, 0, 0, 0, 0, 0, 0, 0, 0, 0, 0, 0, 0, 0, 0, 0, 0, 0, 0, 0, 0, 0, 0, 0, 0, 0, 0, 0, 0, 0, 0, 0, 0, 0, 0, 0]
[4, 1, 1, 1, 1, 1, 1, 1, 1, 1, 2, 1, 1, 1, 1, 1, 1, 2, 3, 1, 5, 2, 5, 0, 0, 0, 0, 0, 0, 0, 0, 0, 0, 0, 0, 0, 0, 0, 0, 0, 0, 0, 0, 0, 0, 0, 0, 0, 0, 0, 0, 0, 0, 0, 0, 0, 0, 0, 0, 0, 0, 0, 0, 0, 0, 0, 0, 0, 0, 0, 0, 0, 0, 0, 0, 0, 0, 0, 0, 0, 0, 0, 0, 0, 0, 0, 0, 0, 0, 0, 0, 0, 0, 0, 0, 0, 0, 0, 0, 0]
[1, 1, 1, 1, 1, 1, 1, 1, 1, 1, 1, 1, 1, 1, 1, 1, 1, 1, 1, 1, 1, 1, 1, 1, 1, 1, 1, 1, 1, 1, 1, 1, 1, 1, 1, 1, 1, 1, 1, 1, 1, 1, 1, 1, 1, 1, 1, 1, 1, 1, 1, 1, 1, 1, 1, 1, 1, 1, 1, 1, 1, 1, 1, 1, 1, 1, 1, 1, 1, 1, 1, 1, 1, 1, 1, 1, 1, 1, 1, 1, 1, 1, 1, 1, 1, 1, 1, 1, 1, 1, 1, 1, 1, 1, 1, 1, 1, 1, 1, 1]
[1, 1, 1, 1, 1, 1, 1, 1, 1, 1, 1, 1, 1, 1, 1, 1, 1, 1, 1, 1, 1, 1, 1, 0, 0, 0, 0, 0, 0, 0, 0, 0, 0, 0, 0, 0, 0, 0, 0, 0, 0, 0, 0, 0, 0, 0, 0, 0, 0, 0, 0, 0, 0, 0, 0, 0, 0, 0, 0, 0, 0, 0, 0, 0, 0, 0, 0, 0, 0, 0, 0, 0, 0, 0, 0, 0, 0, 0, 0, 0, 0, 0, 0, 0, 0, 0, 0, 0, 0, 0, 0, 0, 0, 0, 0, 0, 0, 0, 0, 0]
[-1, -1, -1, -1, -1, -1, -1, -1, -1, 1, -1, -1, -1, -1, -1, -1, -1, -1, -1, -1, -1, -1, -1, -1, -1, -1, -1, -1, -1, -1, -1, -1, -1, -1, -1, -1, -1, -1, -1, -1, -1, -1, -1, -1, -1, -1, -1, -1, -1, -1, -1, -1, -1, -1, -1, -1, -1, -1, -1, -1, -1, -1, -1, -1, -1, -1, -1, -1, -1, -1, -1, -1, -1, -1, -1, -1, -1, -1, -1, -1, -1, -1, -1, -1, -1, -1, -1, -1, -1, -1, -1, -1, -1, -1, -1, -1, -1, -1, -1, -1]
2024-01-07 19:29:38.636201: I tensorflow/stream_executor/platform/default/dso_loader.cc:48] Successfully opened dynamic library cudart64_101.dll
F:\softwaren\python3\PyRoot3\lib\site-packages\sklearn\metrics\_classification.py:1471: 
**********
Epoch 0
APC_test_acc: 76.57(max: 76.57)  APC_test_f1: 68.15(max: 68.15)
ATE_test_f1: 61.27(max:61.27)
**********
**********
Epoch 0
APC_test_acc: 81.29(max: 81.29)  APC_test_f1: 73.99(max: 73.99)
ATE_test_f1: 78.18(max:78.18)
**********
**********
Epoch 0
APC_test_acc: 74.69(max: 81.29)  APC_test_f1: 70.19(max: 73.99)
ATE_test_f1: 75.15(max:78.18)
**********
**********
Epoch 0
APC_test_acc: 79.87(max: 81.29)  APC_test_f1: 73.5(max: 73.99)
ATE_test_f1: 83.99(max:83.99)
**********
**********
Epoch 0
APC_test_acc: 83.65(max: 83.65)  APC_test_f1: 77.82(max: 77.82)
ATE_test_f1: 82.88(max:83.99)
**********
**********
Epoch 0
APC_test_acc: 83.49(max: 83.65)  APC_test_f1: 69.47(max: 77.82)
ATE_test_f1: 83.5(max:83.99)
**********
**********
Epoch 0
APC_test_acc: 83.49(max: 83.65)  APC_test_f1: 78.03(max: 78.03)
ATE_test_f1: 85.13(max:85.13)
**********
**********
Epoch 0
APC_test_acc: 84.43(max: 84.43)  APC_test_f1: 79.02(max: 79.02)
ATE_test_f1: 86.49(max:86.49)
**********
**********
Epoch 0
APC_test_acc: 83.81(max: 84.43)  APC_test_f1: 78.18(max: 79.02)
ATE_test_f1: 86.92(max:86.92)
**********
**********
Epoch 0
APC_test_acc: 82.39(max: 84.43)  APC_test_f1: 76.71(max: 79.02)
ATE_test_f1: 85.8(max:86.92)
**********
**********
Epoch 0
APC_test_acc: 82.86(max: 84.43)  APC_test_f1: 77.57(max: 79.02)
ATE_test_f1: 86.71(max:86.92)
**********
**********
Epoch 1
APC_test_acc: 82.55(max: 84.43)  APC_test_f1: 77.42(max: 79.02)
ATE_test_f1: 87.74(max:87.74)
**********
**********
Epoch 1
APC_test_acc: 79.72(max: 84.43)  APC_test_f1: 74.71(max: 79.02)
ATE_test_f1: 83.79(max:87.74)
**********
**********
Epoch 1
APC_test_acc: 85.38(max: 85.38)  APC_test_f1: 79.57(max: 79.57)
ATE_test_f1: 87.65(max:87.74)
**********
**********
Epoch 1
APC_test_acc: 83.49(max: 85.38)  APC_test_f1: 77.05(max: 79.57)
ATE_test_f1: 86.01(max:87.74)
**********
**********
Epoch 1
APC_test_acc: 75.94(max: 85.38)  APC_test_f1: 71.67(max: 79.57)
ATE_test_f1: 87.57(max:87.74)
**********
**********
Epoch 1
APC_test_acc: 86.01(max: 86.01)  APC_test_f1: 77.5(max: 79.57)
ATE_test_f1: 87.5(max:87.74)
**********
**********
Epoch 1
APC_test_acc: 83.02(max: 86.01)  APC_test_f1: 78.08(max: 79.57)
ATE_test_f1: 85.88(max:87.74)
**********
**********
Epoch 1
APC_test_acc: 83.81(max: 86.01)  APC_test_f1: 79.13(max: 79.57)
ATE_test_f1: 87.62(max:87.74)
**********
**********
Epoch 1
APC_test_acc: 85.53(max: 86.01)  APC_test_f1: 75.07(max: 79.57)
ATE_test_f1: 84.46(max:87.74)
**********
**********
Epoch 1
APC_test_acc: 82.39(max: 86.01)  APC_test_f1: 76.99(max: 79.57)
ATE_test_f1: 87.22(max:87.74)
**********
**********
Epoch 1
APC_test_acc: 84.12(max: 86.01)  APC_test_f1: 78.87(max: 79.57)
ATE_test_f1: 88.17(max:88.17)
**********
**********
Epoch 1
APC_test_acc: 80.66(max: 86.01)  APC_test_f1: 75.97(max: 79.57)
ATE_test_f1: 88.44(max:88.44)
**********